3.000000
0.000000
0.000000
5.884394
0.000000
6.283185
0.666667
0.300000
0.703750

1.000000
0.000000
0.000000
3.141593
0.000000
0.398792
0.666667
0.200000
0.528850

6.000000
6.000000
-6.000000
0.000000
6.283186
9.869604
0.885536
0.250000
0.010000
1.000000

2.000000
2.000000
-2.000000
0.000000
2.000000
1.000000
0.318310
0.500000
0.125000
0.333333

-1.000000
1.000000
-1.000000
1.000000
-3.141593
3.141593
-3.141593
3.141593
-0.000000
0.000000
-inf
inf
-nan

1.000000
1.000000
-1.000000
-1.000000
1.000000
3.141593
-3.141593
-3.141593
3.141593

0.500000
-0.500000
2.000000
-2.000000
1.000000
-1.000000
0.318310
3.547672
-0.318310
10.000001
80.000008
3.000000

2.000000
2.121320
2.828427
3.535534
1.000000
1.772454
2.233830
0.500000
0.111803
0.176777
1.414214
1.732051
2.236068

0.000000
0.000000
0.000000
0.000000
0.000000
0.000000
0.000000
0.000000
0.000000
0.000000
0.000000
0.000000
0.000000
0.000000
0.000000
0.000000
0.000000
0.000000
0.000000
0.000000
0.000000
0.000000
0.000000
0.000000
0.000000
0.000000
0.000000
0.000000
0.000000
0.000000
0.000000
0.000000
0.000000
0.000000
0.000000
0.000000
0.000000
-nan
-nan
0.000000
0.000000
0.000000
-nan
0.000000
0.000000
-nan
-nan
0.000000
0.000000
-nan
-nan
1065353216.000000
1073741824.000000
-1082130432.000000
-1073741824.000000
0.000000
1.000000
1.000000
1.000000
1.000000
2.000000
-1.000000
-2.000000
-2.000000
-2.000000
-2.000000
3.000000
-4.000000
0.000000
0.000000
0.000000
0.000000
-1.000000
-1.000000